-0.87723 
-1.12253 
-0.31067 
-0.66488 
-0.42337 
-0.40860 
-0.41597 
-0.61977 
-0.54751 
-0.34232 
-0.48091 
-0.38369 
0.31168 
0.01747 
-0.24580 
0.09693 
-0.13319 
-0.15389 
0.14615 
0.47233 
0.28451 
0.43195 
-0.01052 
0.17877 
0.24031 
0.01488 
0.00181 
0.58059 
0.37079 
0.23218 
0.62618 
0.51907 
0.25335 
0.87543 
0.64901 
0.97502 
0.90784 
0.45774 
0.29800 
0.58239 
0.48668 
0.31838 
0.60722 
0.80414 
0.24247 
0.11430 
0.21316 
0.39314 
-0.02781 
-0.14921 
0.09402 
0.08743 
0.21007 
-0.07230 
0.02717 
-0.05821 
0.01290 
0.39472 
-0.16582 
-0.37789 
0.04991 
-0.31695 
-0.10101 
-0.27982 
0.00423 
0.00741 
-0.17917 
-0.63789 
-0.08849 
0.27579 
0.12643 
-0.53411 
-0.17359 
-0.34133 
-0.44371 
-0.51030 
-0.13985 
-0.32586 
-0.20843 
-0.31774 
-0.34750 
-0.14837 
-0.07467 
0.24959 
-0.64473 
-0.59161 
-0.10863 
-0.49731 
-0.77510 
-0.37811 
-0.09286 
-0.32538 
-0.03145 
-0.41062 
-0.08431 
-0.64688 
-0.85616 
-0.63093 
-0.28486 
-0.86247 